id,EAP,HPL,MWS
id02310,0.0644230249772,0.0229810323782,0.912595942645
id24541,0.958669237712,0.0104072664641,0.0309234958237
id00134,0.805661823923,0.184933408318,0.00940476775948
id27757,0.0299611213448,0.96717477717,0.00286410148513
id04081,0.904767156441,0.0683495995868,0.0268832439718
id27337,0.429389732871,0.558364198825,0.0122460683042
id24265,0.606763976339,0.33108333552,0.0621526881419
id25917,0.127398994773,0.0901030892498,0.782497915978
id04951,0.994036246773,0.00390680414311,0.00205694908421
id14549,0.650057329877,0.0511325857351,0.298810084388
id22505,0.0757992330707,0.0905997144131,0.833601052516
id24002,0.00171411739721,0.997709048485,0.000576834118008
id18982,0.326020286448,0.604698047835,0.0692816657171
id15181,0.103838035044,0.892920665913,0.0032412990429
id21888,0.58730035685,0.198963004832,0.213736638318
id12035,0.0112831673022,0.00102182836219,0.987695004336
id17991,0.779944143871,0.0368775228397,0.183178333289
id10707,0.994920204798,0.00402972686136,0.00105006834079
id07101,0.334245062593,0.162620298629,0.503134638778
id00345,0.205347714971,0.789664663989,0.00498762103937
id05912,0.870205869489,0.0421088806932,0.0876852498176
id13443,0.988755836324,0.00675238671577,0.00449177696
id09248,0.0637480894816,0.296443579242,0.639808331276
id17542,0.00626978856884,0.992900353383,0.000829858048224
id06995,0.240015175051,0.0115548457951,0.748429979154
id25159,0.934385817719,0.0105816062085,0.0550325760722
id25729,0.895085577065,0.0901545033155,0.0147599196192
id26949,0.961202160504,0.0278180417841,0.0109797977122
id27191,0.454095586547,0.0300831550438,0.515821258409
id07668,0.853262234513,0.012526009363,0.134211756124
id02230,0.11936606001,0.475880540196,0.404753399794
id15553,0.985526841641,0.00714576411946,0.00732739423991
id25688,0.00166614425587,0.997347786305,0.00098606943952
id17545,0.990270573842,0.00670190193084,0.00302752422729
id13929,0.113705037164,0.081888503625,0.804406459211
id12880,0.7705099603,0.134998637614,0.094491402086
id19282,0.848955143132,0.0502683790515,0.100776477816
id14690,0.0253666901733,0.00211965790083,0.972513651926
id17975,0.00271074291484,0.995566456012,0.00172280107355
id08037,0.64969263316,0.0285609209564,0.321746445883
id15412,0.171171617419,0.0202953076204,0.80853307496
id25032,0.721691619813,0.0280633893056,0.250244990881
id27165,0.996806693393,0.00161677352091,0.00157653308562
id03327,0.35666018842,0.615649858024,0.0276899535559
id18515,0.803100531402,0.0553165208107,0.141582947788
id21003,0.0911112314322,0.0580923366899,0.850796431878
id23855,0.00669831642145,0.978812886666,0.0144887969124
id20724,0.881478746862,0.050762638096,0.0677586150424
id13303,0.52230131451,0.0284127067726,0.449285978717
id16521,0.0142456694893,0.0566902001431,0.929064130368
id20775,0.927598926782,0.0607003185734,0.0117007546445
id13029,0.994694340912,0.00231850633876,0.00298715274892
id14660,0.597067422409,0.380515037907,0.0224175396844
id11028,0.00671336488824,0.00120333518028,0.992083299931
id14180,0.70469328767,0.247232717894,0.0480739944365
id25860,0.994394092348,0.00290300173481,0.00270290591741
id11910,0.809028157171,0.103202352188,0.087769490641
id08065,0.359267718741,0.339497518827,0.301234762432
id22674,0.260430002878,0.0248923252597,0.714677671862
id25018,0.155501930602,0.0125670339294,0.831931035469
id10892,0.0110587247793,0.986243215991,0.00269805923006
id10217,0.349929940744,0.647781268993,0.00228879026286
id12996,0.661775307271,0.169768318542,0.168456374187
id18262,0.234601996943,0.344147036283,0.421250966774
id08606,0.00175454116674,0.99754470416,0.000700754673097
id17233,0.989990395134,0.00558079014429,0.00442881472211
id00101,0.504772038945,0.119592004586,0.37563595647
id12225,0.892346609965,0.0909803617935,0.0166730282418
id01364,0.100416053589,0.765239874343,0.134344072069
id24973,0.89880069998,0.0310092397742,0.0701900602456
id25363,0.634529416387,0.045459822981,0.320010760632
id10061,0.440292200115,0.0814894817049,0.47821831818
id17673,0.0280634772254,0.955653588168,0.0162829346067
id13249,0.972937674114,0.00476754887553,0.0222947770106
id10107,0.00570083992961,0.00199551677113,0.992303643299
id04403,0.954895954276,0.0275797067084,0.0175243390159
id25728,0.759180332872,0.00990897657388,0.230910690554
id16184,0.533385218808,0.269150596793,0.197464184399
id03438,0.00653257702183,0.00125152272129,0.992215900257
id22923,0.0328601454036,0.96521241613,0.00192743846596
id08610,0.963549831915,0.01096351085,0.0254866572349
id25355,0.110571744283,0.0869007663418,0.802527489375
id16916,0.752377103725,0.225505321956,0.0221175743185
id12793,0.556021873102,0.427418487897,0.0165596390005
id11859,0.500470999974,0.187940618156,0.31158838187
id02434,0.996377477803,0.0018236490313,0.00179887316599
id27703,0.00546395714209,0.000636624367458,0.99389941849
id25212,0.0117302001969,0.987694488597,0.000575311206575
id11308,0.366151085584,0.105635002461,0.528213911955
id26094,0.992977178961,0.00491890716294,0.00210391387571
id22080,0.947730554798,0.0450034603835,0.00726598481846
id03545,0.914085959577,0.0760279057768,0.00988613464589
id23725,0.0113236331889,0.00310222005172,0.985574146759
id12009,0.897762436313,0.0916648974152,0.0105726662713
id24241,0.629287598552,0.0173579636754,0.353354437772
id03596,0.00290700477671,0.996515339625,0.000577655598493
id10749,0.267183278683,0.666471642192,0.0663450791253
id22794,0.138308173122,0.0078125676004,0.853879259278
id15482,0.0672998956391,0.891963517403,0.0407365869574
id04833,0.572321463098,0.406072707353,0.0216058295489
id00397,0.0673483048613,0.00211576062256,0.930535934516
id14691,0.0413549853036,0.0103831078694,0.948261906827
id05193,0.140245811792,0.00629589056786,0.85345829764
id19541,0.679037168219,0.0470878234382,0.273875008343
id22166,0.0142204063177,0.00663303847874,0.979146555204
id20744,0.0124173676573,0.00133281931269,0.98624981303
id10392,0.00558979810562,0.00100761644937,0.993402585445
id00770,0.699476291208,0.253351741132,0.0471719676596
id06018,0.149028609701,0.81120195586,0.0397694344391
id15678,0.289846534367,0.00283342068404,0.707320044949
id08305,0.945620571682,0.0484276766243,0.00595175169409
id08903,0.42523743461,0.240403030589,0.334359534801
id14752,0.106121708934,0.87514649889,0.0187317921758
id12468,0.00964976985417,0.988613741601,0.00173648854483
id05085,0.731227491677,0.259325334878,0.00944717344493
id21993,0.215188325305,0.0221892316323,0.762622443063
id15503,0.748616755334,0.246463697121,0.00491954754507
id03021,0.00372648116997,0.993041356464,0.00323216236589
id16123,0.997500189294,0.00139721816352,0.00110259254266
id19383,0.996102563869,0.00264578940792,0.00125164672327
id04186,0.995756675443,0.00228870083682,0.00195462371976
id17954,0.0131374411898,0.00239726819329,0.984465290617
id12030,0.215980468597,0.00325627144465,0.780763259959
id13020,0.823918997422,0.159747849922,0.0163331526564
id25327,0.141362924042,0.205697248663,0.652939827295
id16344,0.304446507373,0.024888451514,0.670665041113
id12303,0.317168721989,0.392085812706,0.290745465305
id15017,0.977081764538,0.021161614022,0.00175662143957
id22308,0.760115492933,0.0704029478112,0.169481559256
id06536,0.011083402548,0.00527088345639,0.983645713996
id19797,0.465471713403,0.165013459899,0.369514826698
id06332,0.772825403114,0.0986221886674,0.128552408218
id22941,0.575267980382,0.0998276404938,0.324904379124
id13547,0.219982721246,0.0228789468276,0.757138331926
id06928,0.0104052023567,0.000785597450147,0.988809200193
id12521,0.85969477984,0.129349380867,0.010955839293
id25716,0.78081984399,0.0379319493382,0.181248206672
id27116,0.00656837690625,0.000544573619952,0.992887049474
id19941,0.00141545516378,0.996378005888,0.00220653894833
id05711,0.00466824514291,0.000925448310305,0.994406306547
id02097,0.0174497206777,0.0195938587342,0.962956420588
id03563,0.00272522010087,0.996115575566,0.00115920433327
id02295,0.300642975138,0.29987748531,0.399479539552
id08179,0.989678857581,0.00589040640996,0.00443073600951
id05332,0.0258976929423,0.966128328027,0.00797397903116
id15697,0.542545850472,0.182708111504,0.274746038025
id17026,0.0367831114029,0.0425700850137,0.920646803583
id04243,0.637667011216,0.339538394784,0.0227945939999
id13175,0.999379033922,0.000157336556239,0.000463629521741
id05387,0.939761357218,0.0118562202289,0.0483824225527
id19989,0.552797123807,0.200682819044,0.246520057148
id25173,0.51112584782,0.0766578955557,0.412216256624
id08925,0.00190576684408,0.997459566462,0.000634666693803
id03034,0.0417041563939,0.838785263571,0.119510580035
id13272,0.00266002525238,0.9894691609,0.00787081384724
id07956,0.927187223946,0.0283706721207,0.044442103933
id02648,0.013342662222,0.000488734011855,0.986168603766
id01778,0.0397329369275,0.00587687850188,0.954390184571
id12846,0.0261408632226,0.00489529214633,0.968963844631
id19001,0.838075777205,0.0280840774038,0.133840145391
id05763,0.813168681704,0.0478524740131,0.138978844282
id15590,0.00944816100634,0.000758289578595,0.989793549415
id04912,0.80441072071,0.152013299833,0.0435759794576
id21201,0.91194412229,0.0452809887627,0.0427748889475
id13215,0.993517421655,0.00298592981149,0.00349664853386
id15612,0.398659495806,0.504174464945,0.0971660392487
id18501,0.0181761575588,0.0102725235654,0.971551318876
id07223,0.399976925722,0.438999197514,0.161023876764
id06707,0.89508237869,0.0631233845544,0.041794236756
id05238,0.00238457865517,0.99644453526,0.00117088608514
id00935,0.0474595732852,0.175596669494,0.776943757221
id00110,0.821931521805,0.0817438362368,0.0963246419578
id17476,0.993460767357,0.00453778504833,0.00200144759494
id15170,0.985320046841,0.0092908753962,0.00538907776285
id13397,0.150980532951,0.0462887145982,0.80273075245
id24283,0.542776965204,0.0797330264365,0.37749000836
id15234,0.993497085321,0.00450479574364,0.00199811893516
id16884,0.173114192745,0.484714817344,0.342170989911
id07831,0.647831744066,0.276802596264,0.0753656596706
id16038,0.898924734655,0.0568230431192,0.0442522222262
id03629,0.921071949573,0.00723626424119,0.0716917861863
id21019,0.845369231187,0.0581452500569,0.0964855187565
id21835,0.602750826637,0.112142370777,0.285106802586
id04480,0.00534589786691,0.994266194513,0.000387907620307
id20838,0.241003026815,0.738208768266,0.0207882049192
id24195,0.679659879878,0.10635769624,0.213982423882
id05448,0.590109996029,0.357240060737,0.0526499432339
id15957,0.0564912839764,0.810112668539,0.133396047485
id19956,0.0145209662715,0.00170596982846,0.9837730639
id15104,0.056640915769,0.0432337271709,0.90012535706
id17559,0.515579747625,0.45969330425,0.0247269481248
id16839,0.145813323809,0.705559691849,0.148626984341
id14493,0.724745780931,0.0277075921672,0.247546626901
id08833,0.824264741852,0.0597715026859,0.115963755463
id15723,0.204575705427,0.0515517739534,0.743872520619
id02716,0.997147779579,0.0020477096707,0.00080451075024
id06689,0.00274573424429,0.995653428248,0.00160083750816
id18837,0.38161471181,0.0783346646758,0.540050623514
id04466,0.877294224173,0.0859207017021,0.0367850741249
id00686,0.916005889197,0.00761635570611,0.0763777550965
id09010,0.0520648460171,0.943856209381,0.00407894460161
id23353,0.893966536341,0.0332049818568,0.0728284818022
id00066,0.817723622083,0.0243448937095,0.157931484207
id15724,0.103299655934,0.689090190893,0.207610153173
id23486,0.145183172482,0.0182181615328,0.836598665985
id22258,0.16765309187,0.0332527969746,0.799094111155
id02292,0.861323937957,0.0925631852841,0.0461128767588
id16356,0.0654316739448,0.00919349003089,0.925374836024
id00235,0.928148921973,0.00971801559595,0.0621330624311
id25522,0.0316803830528,0.00547529433194,0.962844322615
id04204,0.00181091885147,0.997166713616,0.00102236753231
id22016,0.58872480471,0.0155480293664,0.395727165924
id06480,0.110639029136,0.841171580352,0.0481893905117
id08718,0.0629376828868,0.00825098721293,0.9288113299
id05251,0.00228902402269,0.996917920469,0.000793055508036
id03359,0.861621488711,0.118493822949,0.0198846883395
id16117,0.00965715466246,0.00288300418902,0.987459841149
id17000,0.0190704899421,0.978779525135,0.00214998492338
id01730,0.141193277738,0.711306439182,0.147500283079
id00630,0.913708530377,0.0483523202299,0.0379391493933
id18175,0.0886361961519,0.00749855866236,0.903865245186
id00907,0.899982121298,0.0314923126772,0.068525566025
id18251,0.00413811134882,0.994897021389,0.000964867262103
id25861,0.981055946764,0.00341508577318,0.0155289674629
id00398,0.854394100448,0.0541000751915,0.0915058243606
id27573,0.992370522955,0.00177644633104,0.00585303071382
id10022,0.00302271130902,0.978492091191,0.0184851974998
id15901,0.0339403671276,0.0010346579116,0.965024974961
id00451,0.0930037072212,0.133011486874,0.773984805905
id23129,0.0255885396989,0.948546349282,0.0258651110195
id26498,0.233470219264,0.710162738815,0.0563670419206
id14741,0.688974742193,0.0489191371339,0.262106120673
id18453,0.0496439456546,0.00848383686132,0.941872217484
id08309,0.791219399882,0.0315197682887,0.17726083183
id00320,0.994673464353,0.00202203169859,0.00330450394855
id07688,0.131499845259,0.0531171977505,0.815382956991
id01556,0.00620466105387,0.0011419057589,0.992653433187
id00178,0.328310727115,0.0175187803931,0.654170492492
id18902,0.0269279879358,0.00691267917787,0.966159332886
id27002,0.83960468326,0.0755021445223,0.084893172218
id21418,0.947900175445,0.0426542946339,0.00944552992065
id23018,0.319450745683,0.0458901498427,0.634659104474
id07032,0.106433269025,0.620430485731,0.273136245245
id16195,0.984297212005,0.00346018229591,0.0122426056994
id11202,0.0347726494288,0.942586196184,0.0226411543867
id09578,0.760400903554,0.0344776407339,0.205121455712
id26984,0.966602624255,0.00513788230125,0.0282594934438
id19856,0.016296273811,0.970880864044,0.0128228621446
id12086,0.832889944519,0.0392416003693,0.127868455112
id12052,0.0293128078883,0.0247245611995,0.945962630912
id17728,0.0252777343809,0.023274109539,0.95144815608
id24608,0.935625138618,0.0346417509905,0.0297331103917
id21097,0.128747290395,0.144125402167,0.727127307438
id20179,0.00992075076156,0.000450986885496,0.989628262353
id15144,0.415204449447,0.46645522685,0.118340323703
id00206,0.857671591241,0.109738722544,0.0325896862147
id22285,0.00992121779018,0.00106872293391,0.989010059276
id06417,0.0415856438596,0.88370127505,0.0747130810903
id00215,0.00373743935948,0.995720222974,0.000542337666896
id04201,0.0378083804038,0.00636122161866,0.955830397978
id21771,0.997547564225,0.00148932037583,0.000963115398783
id12451,0.017710029817,0.890119915718,0.0921700544646
id14250,0.123751506043,0.526573716411,0.349674777546
id03433,0.00141798285414,0.998123951919,0.000458065227095
id03303,0.0334279896119,0.00619303863522,0.960378971753
id25901,0.306013805404,0.605585181231,0.0884010133655
id06945,0.765527502612,0.0639286880934,0.170543809294
id05664,0.702013465328,0.0584528933506,0.239533641321
id05741,0.979332334646,0.00696847465847,0.0136991906953
id10652,0.554169164251,0.0922365405465,0.353594295202
id16300,0.965015404423,0.0211256432503,0.013858952327
id12319,0.352881021267,0.393123271867,0.253995706866
id07500,0.041186876843,0.951198350764,0.0076147723934
id12478,0.490966706487,0.203118382435,0.305914911078
id03076,0.0408152069534,0.00572437485311,0.953460418194
id00969,0.121352135348,0.842143661247,0.0365042034049
id23636,0.357026634077,0.262675687006,0.380297678917
id09791,0.0217732510311,0.000995562285229,0.977231186684
id05680,0.0923703968606,0.74572176189,0.161907841249
id03672,0.239420585437,0.746611602841,0.0139678117222
id04286,0.0114691815348,0.930758045068,0.0577727733971
id23883,0.0395476455654,0.0889910061868,0.871461348248
id11914,0.733714804318,0.0170154279753,0.249269767707
id20974,0.0279773139438,0.939807649324,0.0322150367323
id26125,0.0287002440612,0.141650863625,0.829648892314
id15543,0.123878287582,0.0572771184402,0.818844593978
id19471,0.994519570835,0.00297732720837,0.00250310195636
id11503,0.661205759822,0.277817194373,0.0609770458051
id09321,0.00840909651824,0.958706523821,0.032884379661
id25560,0.00613203832574,0.00104836577833,0.992819595896
id06726,0.50183392449,0.175851384565,0.322314690945
id05709,0.902779103537,0.086174328149,0.0110465683136
id09788,0.118840215166,0.73880786275,0.142351922084
id05289,0.997618492773,0.00176372340901,0.000617783817607
id11815,0.00353688322709,0.993716579049,0.00274653772367
id22422,0.740742089268,0.198064917753,0.0611929929791
id25954,0.903875338649,0.0067513059516,0.089373355399
id13601,0.375876536185,0.17091605749,0.453207406325
id05677,0.669623840748,0.0166106422086,0.313765517043
id10498,0.0141062685965,0.984727454285,0.00116627711877
id02665,0.644900119437,0.261754436601,0.0933454439616
id10114,0.0756099003435,0.729439733403,0.194950366253
id26314,0.803903621661,0.126674366498,0.0694220118408
id21240,0.889662603369,0.0417238592029,0.0686135374285
id15569,0.271913671863,0.714621104945,0.0134652231914
id25928,0.0699099020133,0.0277008668957,0.902389231091
id22706,0.0306571127439,0.966261075206,0.00308181205028
id20877,0.05155753831,0.922787128504,0.0256553331861
id04318,0.865370945869,0.0218396875054,0.112789366625
id18299,0.0675286819777,0.923847094133,0.00862422388944
id08126,0.248153412025,0.0038206055199,0.748025982455
id14293,0.542379358971,0.0457536829801,0.411866958048
id12759,0.979784415379,0.0111246739426,0.00909091067814
id11983,0.534310834666,0.140213374732,0.325475790602
id05580,0.243337842345,0.534561890454,0.222100267201
id25846,0.326900137916,0.553347486802,0.119752375282
id01939,0.35839008085,0.0536462284447,0.587963690705
id26327,0.16621260553,0.531186558908,0.302600835562
id11068,0.0494724128814,0.0232888322406,0.927238754878
id08404,0.452826299181,0.0366388821956,0.510534818623
id27189,0.311593822877,0.672776397283,0.0156297798397
id15119,0.075388582764,0.899577754329,0.0250336629065
id26525,0.80055201421,0.026209522243,0.173238463547
id03618,0.758152664815,0.163926024278,0.0779213109075
id27220,0.965419432713,0.0245888322044,0.00999173508218
id18777,0.127805597546,0.00844764723171,0.863746755223
id20213,0.876083165583,0.118567604322,0.00534923009549
id20403,0.913700134612,0.0636339326776,0.0226659327105
id03777,0.073854203088,0.0262382435739,0.899907553338
id10595,0.0017247464971,0.997221233346,0.00105402015701
id13816,0.11526635502,0.00734136935959,0.877392275621
id05667,0.0848546364376,0.265224432037,0.649920931526
id24629,0.44182820484,0.0223230493866,0.535848745774
id20398,0.139959853165,0.143429718106,0.716610428729
id14108,0.0161834138717,0.0678524185472,0.915964167581
id06196,0.00263265175393,0.996393091311,0.000974256935193
id02800,0.234967142954,0.622608670137,0.142424186909
id18732,0.00700874954308,0.992257924011,0.000733326445543
id11915,0.0600372441715,0.874736890701,0.0652258651279
id09739,0.665383385268,0.197446321929,0.137170292803
id24672,0.965555033722,0.0276872444574,0.0067577218208
id00414,0.0146409480001,0.112445266547,0.872913785453
id16307,0.918741088144,0.0400116577237,0.0412472541324
id14043,0.722704376396,0.0297368148205,0.247558808784
id00517,0.00321988445451,0.00211096480289,0.994669150743
id09744,0.96699857924,0.0317546600143,0.00124676074614
id19257,0.987273406591,0.00825807893295,0.00446851447589
id15437,0.670984152884,0.186442996008,0.142572851109
id16352,0.0435689724437,0.0294505348291,0.926980492727
id18849,0.680453497944,0.0444515975927,0.275094904463
id19434,0.00125089489833,0.998188657421,0.000560447680348
id17928,0.238884253928,0.0149241695384,0.746191576533
id16896,0.0331193509885,0.00381075487228,0.963069894139
id02135,0.554780640441,0.205279391858,0.239939967701
id15075,0.925810697463,0.0639323958544,0.0102569066828
id27486,0.00262068109032,0.994176692077,0.00320262683314
id19422,0.455411959666,0.501738864655,0.0428491756783
id09603,0.150841105706,0.812447804142,0.0367110901522
id02133,0.102251650129,0.8715850124,0.026163337471
id03441,0.90913222874,0.0334918965594,0.0573758747004
id02398,0.0161820201351,0.983131442833,0.00068653703136
id05152,0.10078043569,0.0143205577264,0.884899006583
id17838,0.0456902267134,0.00313646276501,0.951173310522
id25060,0.997531047812,0.00141576682379,0.0010531853642
id09998,0.0276243780696,0.0236153879588,0.948760233972
id01828,0.0205812870963,0.965252596506,0.0141661163974
id25377,0.339744329058,0.053130078936,0.607125592006
id22175,0.0617553036433,0.931514832252,0.00672986410491
id02974,0.920186768871,0.0151733323075,0.0646398988215
id26955,0.98387581563,0.0140205233192,0.00210366105078
id21091,0.870039338987,0.0474528328497,0.0825078281637
id12802,0.949167734937,0.0418709741942,0.00896129086838
id07432,0.00472697632958,0.994575659324,0.000697364346105
id18749,0.198829450185,0.316920679317,0.484249870498
id15030,0.0187671753409,0.00739454911612,0.973838275543
id17155,0.463965957236,0.503300601959,0.032733440805
id08128,0.00274772287412,0.995453109157,0.00179916796886
id25706,0.010091387632,0.985295721845,0.00461289052257
id15645,0.80365637304,0.124124061018,0.072219565942
id04943,0.721497418168,0.219658719249,0.0588438625829
id27566,0.0388346274702,0.0118323211392,0.949333051391
id11765,0.425731309481,0.0459869638991,0.52828172662
id13783,0.314662488009,0.670269073744,0.0150684382465
id00492,0.0239881931465,0.0489578552422,0.927053951611
id27636,0.043277637872,0.0103448989935,0.946377463135
id04273,0.886261236874,0.101232289276,0.0125064738502
id02537,0.235657019755,0.200748215534,0.563594764711
id24349,0.708792678118,0.2534830941,0.0377242277826
id00023,0.00394920411671,0.98334848915,0.0127023067331
id23025,0.071024031793,0.919952489394,0.00902347881275
id08722,0.605756501575,0.0756449603874,0.318598538037
id02420,0.816517645491,0.182111179397,0.00137117511205
id10811,0.872239455671,0.0369304257449,0.0908301185836
id04019,0.0505374580333,0.173984960129,0.775477581837
id18334,0.984868747153,0.0124969214432,0.0026343314042
id16781,0.773188274833,0.175160283775,0.0516514413913
id08773,0.446262742489,0.537164389987,0.0165728675238
id19214,0.19559628026,0.65538116021,0.14902255953
id09589,0.00528619770931,0.984165813455,0.0105479888361
id24246,0.855662570096,0.057892346229,0.0864450836747
id23577,0.953106105251,0.0402884793281,0.00660541542057
id09305,0.880534656221,0.0286667718763,0.0907985719026
id16460,0.619258267643,0.0355695442569,0.3451721881
id21115,0.0590341465316,0.211295273037,0.729670580431
id25996,0.455716895114,0.0202052422452,0.524077862641
id02551,0.0208678662805,0.00418897760431,0.974943156115
id19352,0.00402630759885,0.00113081192808,0.994842880473
id03806,0.0807646129733,0.0328996464599,0.886335740567
id26544,0.916037479714,0.00628554157528,0.0776769787106
id18761,0.96461975732,0.0143721015327,0.0210081411474
id24148,0.0478893243161,0.948304661286,0.00380601439743
id16095,0.0224277656394,0.971166698765,0.0064055355957
id18442,0.973875566259,0.0107037645411,0.0154206692002
id22596,0.00474867461122,0.000993744043062,0.994257581346
id23002,0.0228011849067,0.00339659272553,0.973802222368
id04797,0.992088277566,0.00606172827662,0.00184999415691
id06610,0.0484635913614,0.0177778876109,0.933758521028
id16173,0.717178367995,0.173074596961,0.109747035044
id18292,0.682330858805,0.0385029090484,0.279166232146
id27328,0.9769477161,0.00710453814885,0.0159477457512
id01695,0.215161156816,0.758052533065,0.0267863101182
id05761,0.848951013438,0.00930202227937,0.141746964283
id16354,0.941892124694,0.0335584066777,0.0245494686285
id12207,0.0965014510944,0.879969399325,0.0235291495806
id05665,0.219507184494,0.00797188960438,0.772520925902
id01911,0.895313303431,0.0926566925346,0.0120300040342
id19153,0.00968285370225,0.00463006815509,0.985687078143
id10295,0.433588660449,0.419773911582,0.146637427968
id23038,0.836083570362,0.128285178375,0.0356312512632
id23783,0.350542352329,0.646318653716,0.00313899395484
id27879,0.756950765716,0.195714799982,0.0473344343021
id19190,0.172713579306,0.823820184876,0.00346623581775
id05065,0.954099037484,0.0138138169544,0.0320871455615
id21296,0.0031826586794,0.995349887207,0.001467454114
id13262,0.205419611576,0.0665780695048,0.728002318919
id10333,0.827264108161,0.0527236325825,0.120012259256
id16677,0.212873297812,0.672873641925,0.114253060263
id01392,0.90047411757,0.00733220257183,0.092193679858
id27874,0.917520102997,0.0566592486,0.0258206484031
id02294,0.0113376682485,0.986894768292,0.00176756345975
id18298,0.0222159347779,0.0333952774653,0.944388787757
id06997,0.932871175049,0.0288481689136,0.0382806560377
id05243,0.670275925121,0.231820454775,0.0979036201049
id00860,0.00219511051494,0.992697808804,0.00510708068121
id26681,0.994731252964,0.0033620976623,0.00190664937404
id06020,0.00619469857145,0.00096650405758,0.992838797371
id27683,0.753121828357,0.108364664193,0.13851350745
id17655,0.00409591479261,0.995372058112,0.000532027095145
id08817,0.0871797544544,0.408098062575,0.504722182971
id11512,0.0146016605178,0.0107533226717,0.974645016811
id00478,0.446180376365,0.0233625996355,0.530457024
id02116,0.829156621022,0.0103817524518,0.160461626527
id06746,0.988228750393,0.00880457154687,0.00296667805972
id03863,0.755206120118,0.152041859587,0.0927520202949
id01802,0.0591442139381,0.933155769629,0.00770001643293
id11682,0.627421881147,0.032984983536,0.339593135317
id04033,0.0133364092165,0.977324245226,0.00933934555769
id09286,0.150834983075,0.217977649853,0.631187367071
id12904,0.995059733927,0.00265097238668,0.00228929368649
id07420,0.0149751175167,0.00332955081759,0.981695331666
id22398,0.00250773423966,0.994543854117,0.00294841164339
id00424,0.160807141835,0.0230499837669,0.816142874398
id20960,0.979128187026,0.0109692180255,0.00990259494866
id10267,0.852150168731,0.129661902326,0.0181879289429
id19330,0.278313176774,0.0073830807867,0.71430374244
id00994,0.00274752432793,0.996302545295,0.00094993037667
id10785,0.971403503326,0.0125481896683,0.016048307006
id00955,0.00442481751745,0.994203822157,0.00137136032604
id09757,0.00242874033935,0.997195236544,0.000376023116438
id10030,0.160557664781,0.0105638893674,0.828878445851
id22952,0.133422726982,0.0351084937121,0.831468779305
id21955,0.00611805091368,0.00627212858904,0.987609820497
id07674,0.724664175823,0.149580021238,0.125755802939
id13760,0.0244435679278,0.972424881472,0.00313155060052
id18166,0.883600504479,0.0680328460271,0.0483666494937
id23498,0.989098515404,0.00934742507394,0.00155405952249
id05296,0.99114136045,0.00748565899633,0.00137298055335
id26709,0.980908040013,0.0119819583671,0.00711000162012
id02853,0.983830731562,0.00664288017259,0.00952638826494
id06800,0.720261147818,0.0882930786383,0.191445773543
id14758,0.427578256749,0.40773076448,0.164690978771
id12356,0.978404767304,0.0194712150922,0.00212401760344
id21492,0.900295736247,0.0281887456754,0.0715155180781
id27540,0.681285108955,0.00454207542852,0.314172815617
id07376,0.100417280177,0.824677523385,0.0749051964377
id15201,0.913007059123,0.0718298742914,0.0151630665861
id23388,0.0111136313926,0.986096990711,0.00278937789624
id13923,0.0910882357215,0.888301943752,0.0206098205265
id00794,0.00820954025932,0.987320493568,0.00446996617285
id23910,0.728145444583,0.116428201615,0.155426353802
id02556,0.183947354963,0.0877535895346,0.728299055502
id22151,0.00922916970862,0.989845632142,0.000925198149034
id11698,0.57705220069,0.117200827446,0.305746971864
id11627,0.579592051836,0.0252559438376,0.395152004326
id06340,0.997213159017,0.00130560948838,0.00148123149487
id05123,0.932692952203,0.00770790796038,0.059599139837
id26620,0.0279361363712,0.0152647130632,0.956799150566
id04002,0.0611089801287,0.0561259363968,0.882765083475
id26554,0.386980677988,0.592646938193,0.0203723838188
id18012,0.0383673682528,0.045634823979,0.915997807768
id12964,0.245571110399,0.0265767438242,0.727852145776
id18965,0.00517822200941,0.980915808774,0.013905969217
id19082,0.036113313857,0.0324254709959,0.931461215147
id26742,0.0296868578734,0.00626561735042,0.964047524776
id15442,0.201229774594,0.766500778186,0.0322694472205
id16647,0.79311972069,0.0382918035638,0.168588475746
id11544,0.126225619971,0.0122510942803,0.861523285749
id20581,0.392689359352,0.306272474614,0.301038166034
id13192,0.266320344939,0.357279917011,0.37639973805
id15814,0.532620450611,0.332938524779,0.13444102461
id26279,0.00194356610452,0.997267097734,0.00078933616121
id00240,0.993363346267,0.00339289613856,0.0032437575942
id22836,0.911761646979,0.0803470814482,0.00789127157312
id15085,0.121613725313,0.724805071622,0.153581203065
id17495,0.289320586765,0.0122955173782,0.698383895857
id26762,0.108540907845,0.550778877296,0.340680214858
id13685,0.986123336739,0.00491977168854,0.00895689157291
id16560,0.0108742985416,0.985147744563,0.00397795689552
id17184,0.00169437271161,0.997785337853,0.000520289435246
id21635,0.99378955942,0.00365560037942,0.00255484020025
id26751,0.167309317475,0.711102000731,0.121588681793
id12351,0.963955715814,0.0157641061097,0.0202801780762
id14872,0.608905871037,0.26061808282,0.130476046143
id18372,0.822679075448,0.173532401087,0.00378852346524
id26851,0.760441970653,0.164103726487,0.0754543028606
id22659,0.17368181289,0.817369701705,0.0089484854055
id04102,0.00399957735963,0.000568406522323,0.995432016118
id02353,0.0384129116383,0.937952335871,0.0236347524909
id26721,0.992494089098,0.00567667700059,0.00182923390114
id11171,0.970616396559,0.0106792249438,0.0187043784973
id13562,0.514746266137,0.394281347172,0.0909723866911
id26425,0.931244467945,0.0173733510239,0.0513821810313
id26394,0.167701676154,0.146222647213,0.686075676633
id22187,0.299224772025,0.65244073322,0.0483344947556
id00422,0.991935579903,0.005279840615,0.00278457948239
id22667,0.00220808192907,0.996833768674,0.000958149397185
id00911,0.802126099072,0.189821123638,0.00805277729055
id17291,0.419582726646,0.0723915522126,0.508025721141
id01915,0.458497386268,0.225806880801,0.315695732931
id01434,0.0165480293608,0.00107893807815,0.982373032561
id01584,0.495013021244,0.00348013058789,0.501506848168
id09266,0.988106720112,0.00629080989006,0.00560246999836
id17494,0.00448454550274,0.993753145655,0.00176230884197
id24919,0.13249069016,0.0268653076939,0.840644002146
id21043,0.0353130326685,0.00156905266382,0.963117914668
id17796,0.00265303070507,0.995116520653,0.0022304486421
id02166,0.311162401906,0.0153293157738,0.673508282321
id17503,0.864362893779,0.0116036025839,0.124033503638
id21203,0.814567172585,0.0124189012433,0.173013926172
id25626,0.998528900596,0.00109385598025,0.000377243423557
id09836,0.984326865028,0.0113549485785,0.0043181863936
id24202,0.0223201182924,0.362147141702,0.615532740005
id27260,0.0955905051845,0.0190261773313,0.885383317484
id23167,0.00419212480535,0.00102579602761,0.994782079167
id10393,0.00244794388919,0.996957837321,0.0005942187899
id01171,0.982718099146,0.010322011896,0.0069598889577
id06380,0.913406619896,0.0417364236202,0.0448569564837
id22686,0.149031375364,0.0284576357482,0.822510988888
id26250,0.132112367027,0.0231585236397,0.844729109333
id09315,0.153786835807,0.708513567356,0.137699596836
id00886,0.0204177451687,0.962448072046,0.0171341827854
id03101,0.590670347239,0.165206823127,0.244122829633
id12367,0.661790385367,0.0325633306585,0.305646283974
id10770,0.901541064623,0.0711968740065,0.0272620613702
id14949,0.00975608254858,0.987478253321,0.00276566412993
id14141,0.0192534451415,0.96899389495,0.0117526599086
id25417,0.492597395101,0.472071902311,0.0353307025872
id26873,0.796856298452,0.0891114078802,0.114032293668
id10818,0.221130564373,0.0187434870683,0.760125948559
id15146,0.928040453539,0.0267674751585,0.0451920713024
id23328,0.695969864927,0.103628303029,0.200401832044
id16765,0.128561065579,0.116778122982,0.754660811439
id24383,0.919206152931,0.0111942134688,0.0695996335999
id21304,0.588905859357,0.269026746864,0.142067393779
id12551,0.00864897246423,0.988319372771,0.00303165476496
id23274,0.20015966048,0.06620355732,0.7336367822
id08117,0.903905452968,0.0159255792506,0.0801689677815
id23961,0.965383941395,0.0226378950486,0.0119781635567
id13865,0.00408847820406,0.988634772958,0.00727674883767
id22807,0.534504596779,0.0468068311407,0.41868857208
id08951,0.615212994876,0.0349004320464,0.349886573077
id18684,0.984200181715,0.0117195612117,0.00408025707341
id25179,0.0546352597379,0.809985085346,0.135379654917
id27033,0.960584564445,0.0072640315788,0.0321514039759
id13977,0.0674937572338,0.835746500086,0.0967597426803
id19337,0.00473441753656,0.984808752252,0.0104568302114
id25764,0.00546550133435,0.987524273083,0.00701022558291
id16106,0.162114511446,0.084035023199,0.753850465355
id05468,0.159913081048,0.0276814832402,0.812405435712
id05241,0.931407668028,0.01209368581,0.0564986461625
id10215,0.125030905045,0.514939843696,0.360029251259
id23457,0.00589742164953,0.0112494895778,0.982853088773
id02200,0.989934137823,0.00470835467249,0.00535750750454
id13714,0.628370903677,0.297780653985,0.0738484423376
id20332,0.00613008082108,0.000964483861426,0.992905435317
id18573,0.169532701817,0.35326903286,0.477198265322
id08569,0.966890612357,0.0084517149656,0.0246576726778
id22767,0.166096296351,0.813294273954,0.0206094296951
id25390,0.225693162951,0.600564942508,0.173741894541
id09288,0.994133965923,0.00378720690062,0.00207882717672
id12381,0.992234539068,0.00352347609532,0.00424198483696
id02895,0.363310735032,0.0598814649731,0.576807799995
id25270,0.00878595623852,0.00111764407375,0.990096399688
id14248,0.463965177065,0.0813074763144,0.45472734662
id12831,0.77623059054,0.0375975494137,0.186171860046
id18305,0.359224286346,0.0161001318911,0.624675581763
id07805,0.45855927976,0.5177545502,0.0236861700396
id14027,0.374577721004,0.0746014001902,0.550820878806
id02760,0.312340326118,0.151491238861,0.536168435021
id24362,0.903987034738,0.0701922629493,0.0258207023125
id17065,0.385952441634,0.594266575697,0.0197809826693
id26583,0.0603279116003,0.249335616505,0.690336471894
id19664,0.370527070229,0.616622773777,0.0128501559943
id25145,0.952973977324,0.0246608240753,0.022365198601
id17858,0.020620401452,0.973875178305,0.00550442024278
id05148,0.291301393241,0.28792365365,0.420774953109
id22928,0.865990924662,0.0616946190692,0.0723144562687
id21549,0.442771330383,0.0120023717853,0.545226297832
id12649,0.0521492239626,0.944380573199,0.00347020283801
id21597,0.52615815463,0.0822376843203,0.39160416105
id27945,0.663459588879,0.143063494209,0.193476916912
id00243,0.993603994444,0.00215169968946,0.00424430586687
id02745,0.622024634011,0.0744222885083,0.303553077481
id23550,0.148027943783,0.0316664290212,0.820305627195
id13023,0.0404686070148,0.00219417005764,0.957337222928
id24796,0.0882295120638,0.0151574538966,0.89661303404
id12284,0.105060184977,0.870958743115,0.0239810719076
id02664,0.00202919427502,0.991947742547,0.00602306317781
id23767,0.935837642073,0.05421616259,0.00994619533695
id05859,0.0335120270107,0.941547470129,0.0249405028604
id14350,0.0512022571328,0.0310759270877,0.91772181578
id01191,0.313648498111,0.629888077389,0.0564634245004
id17034,0.665597473013,0.00797711903497,0.326425407952
id25292,0.90392858173,0.0903287971718,0.00574262109849
id22121,0.995379901525,0.00312744289836,0.00149265557622
id20872,0.998480914058,0.000983189945655,0.000535895995999
id17720,0.0136304972661,0.984360181626,0.00200932110737
id22658,0.383129713203,0.564950621067,0.0519196657305
id09567,0.113122470374,0.851691792128,0.035185737498
id16445,0.93657333118,0.0436960768471,0.0197305919729
id08349,0.563744149602,0.402541865197,0.0337139852011
id27437,0.2513734877,0.627223686422,0.121402825878
id03812,0.994140818521,0.00174925736542,0.00410992411313
id22304,0.637962728225,0.260981146152,0.101056125623
id04449,0.80458735988,0.0529549323106,0.14245770781
id15605,0.779178616692,0.0600981025047,0.160723280803
id01768,0.687517356432,0.0435015407547,0.268981102813
id20019,0.506117854998,0.215714520722,0.27816762428
id09593,0.0109208511336,0.925978339731,0.0631008091357
id23179,0.449400071886,0.0133260710518,0.537273857062
id21279,0.935634648162,0.0618890256015,0.0024763262366
id06711,0.0457184553679,0.0400391255031,0.914242419129
id14243,0.00221087428893,0.996821987324,0.000967138387369
id04839,0.00283362985692,0.00140070331057,0.995765666833
id17220,0.00157081769317,0.996731129342,0.00169805296475
id24177,0.285756457945,0.49727363357,0.216969908485
id20512,0.046849531917,0.173411301814,0.779739166269
id14036,0.00448998772964,0.994492647256,0.00101736501463
id25001,0.0406188483776,0.0605248484553,0.898856303167
id06175,0.00817740072819,0.990822191023,0.00100040824847
id24720,0.148356328391,0.705274498672,0.146369172937
id08070,0.875275258951,0.102714015943,0.022010725106
id18934,0.901854194226,0.054631988265,0.0435138175094
id01338,0.519363268386,0.00604277543166,0.474593956183
id19008,0.0161566395481,0.903501297857,0.0803420625953
id19632,0.0829138805877,0.661345522758,0.255740596655
id26224,0.00704439994758,0.0055635408196,0.987392059233
id08219,0.754246736775,0.0190189499803,0.226734313245
id24008,0.00420152183778,0.00233795929496,0.993460518867
id12475,0.341783069753,0.41296484837,0.245252081877
id05766,0.163489217915,0.129555363416,0.706955418669
id27386,0.003363072402,0.994889402649,0.00174752494933
id12476,0.00578056973614,0.99244186768,0.0017775625837
id08311,0.279927841427,0.608705798034,0.111366360539
id04996,0.470718640579,0.524140974467,0.00514038495471
id17350,0.0396456242365,0.957329281611,0.00302509415257
id05546,0.0178117710942,0.978042160233,0.00414606867288
id16504,0.0233796384616,0.967023092745,0.00959726879319
id05782,0.0067873780895,0.00230474128597,0.990907880625
id20560,0.977407403518,0.0140835683289,0.00850902815266
id14171,0.129641060977,0.040827674407,0.829531264616
id27461,0.820540573656,0.0801607264779,0.0992986998662
id03581,0.443692511981,0.16433208632,0.391975401699
id21847,0.0577301207552,0.102083151903,0.840186727342
id11712,0.592760264722,0.229059213273,0.178180522006
id26738,0.0445039881211,0.0686091353442,0.886886876535
id13668,0.99400664464,0.0026053457681,0.00338800959239
id15114,0.991583913693,0.00319173734222,0.00522434896451
id20130,0.509827053741,0.125545544322,0.364627401938
id18331,0.279067364769,0.00249031819501,0.718442317036
id24465,0.996629373557,0.00172414243372,0.00164648400973
id13539,0.622956725488,0.359881610244,0.0171616642681
id27564,0.0132404029483,0.943936476047,0.0428231210044
id26043,0.0354943098597,0.00366670101332,0.960838989127
id04965,0.0172662326056,0.000622021312842,0.982111746082
id08645,0.00625467072715,0.00450396131582,0.989241367957
id26610,0.820964314131,0.0172559993752,0.161779686494
id21737,0.13203422903,0.761716495358,0.106249275613
id25784,0.00249222811306,0.99656130372,0.000946468166686
id23030,0.782114203893,0.0330397156407,0.184846080466
id16450,0.0292254977119,0.95740363175,0.013370870538
id02161,0.689147158374,0.0441598167575,0.266693024869
id25535,0.980362964622,0.0146296738463,0.00500736153141
id16566,0.982606241256,0.00252199821851,0.0148717605253
id05714,0.928328507499,0.0655737387761,0.00609775372521
id16524,0.610400553359,0.354866437375,0.0347330092657
id23941,0.0342618678042,0.958633851904,0.00710428029174
id00831,0.0222354459912,0.0498805837275,0.927883970281
id18145,0.491493045263,0.46134773574,0.0471592189969
id17227,0.999274851972,0.000147899400721,0.000577248627403
id09417,0.868471946198,0.0467349864331,0.0847930673686
id21307,0.942096179487,0.0278165385018,0.030087282011
id05650,0.00423050566882,0.99287163197,0.0028978623615
id23901,0.496752661165,0.0873746592935,0.415872679542
id05831,0.996291989042,0.00127578431368,0.00243222664453
id16708,0.29714833293,0.509136049775,0.193715617295
id02281,0.329196065374,0.295040270329,0.375763664297
id11599,0.807225207948,0.0377018527353,0.155072939317
id18353,0.203961246031,0.659632131859,0.13640662211
id07413,0.310571683057,0.671012418215,0.0184158987282
id15653,0.00380351453336,0.995617383199,0.000579102267967
id09715,0.0314386461131,0.00253383986018,0.966027514027
id05108,0.0179965500003,0.964084052962,0.0179193970376
id09537,0.838359215273,0.1383971024,0.0232436823268
id27596,0.914760872614,0.0696340761002,0.0156050512858
id24255,0.0270524286246,0.00570960277723,0.967237968598
id05080,0.00560711889524,0.000693213702378,0.993699667402
id09484,0.991895507866,0.00458693298836,0.00351755914602
id14864,0.0743781516503,0.00796026466518,0.917661583685
id26836,0.634630790292,0.0932697726948,0.272099437013
